1678.1
1688.5
1678.6
1684.1
1686.6
1671.6
1682.9
1703.6
1697.5
1716.3
1723.8
1730.5
1727.4
1733.3
1734
1728.3
1737.1
1723.1
1723.6
1719
1721.2
1725.3
1727.2
1727.2
1731.6
1724.1
1716.9
1723.4
1723
1728.4
1722.1
1724.5
1733.6
1739
1726.2
1587.4
1630.6
1685.5
1701.3
1718
1726.2
1716.6
1725.8
1737.4
1736.6
1732.4
1731.2
1726.9
1727.8
1720.2
1715.4
1708.7
1713
1713.5
1718
1701.7
1701.7
1684.9
1687.2
1690.6
1684.3
1679.9
1672.9
1663.1
1669.3
1664.7
1672.3
1687.7
1686.8
1686.6
1675.8
1677.4
1673.2
1665
1671.3
1672.4
1676.2
1692.6
1696.5
1716.1
1713.3
1705.1
1711.3
1709.8
1688.6
1698.9
1700
1693
1683.9
1679.2
1673.9
1683.9
1688.4
1693.9
1720.9
1717.9
1733.6
1729.7
1735.6
1734.1
1699.3
1678.6
1675.5
1670.1
1652.2
1635
1654.9
1642
1638.7
1622.6
1596.1
1612.4
1625
1610.5
1606.6
1610.7
1603.1
1591.5
1605.2
1621.4
1622.5
1626.6
1627.4
1614.9
1602.3
1598.3
1627
1627
1627
1655.7
1670.1
1670.1
1670.1
1670.1
1704
1711.8
1700.5
1690.3
1715.4
1723.5
1719.4
1734.4
1772.8
1760.3
1747.2
1750.2
1755.3
1754.6
1751.2
1752.5
1769.4
1767.6
1750
1747.1
1753.5
1752.8
1752.9
1764.7
1776.8
1779.3
1785.1
1798.2
1794.1
1795.2
1780.4
1789.5
1794.2
1784.4
1800.1
1804
1816.2
1810.5
1821.9
1828.2
1840.6
1841.1
1846.3
1850
1839
1820.2
1815.2
1820.6
1807.1
1791.4
1806.2
1798.7
1818.2
1820.5
1833.3
1837.1
1818.2
1824.1
1830.1
1835.6
1828.7
1839.2
1837.2
1826.7
1838
1829.1
1843.1
1850.5
1827.1
1829.1
1848
1840.5
1853.8
1874.1
1871.3
1871.3
1871.3
1860.5
1874.7
1880.1
1874.7
1875.6
1859.5
1874.2
1880.1
1880.1
1907.7
1920.5
1937.3
1936.8
1949.1
1963.7
1950.8
1953.5
1945
1921.1
1939.1
1928
1933.4
1925.7
1931.7
1928.7
1924.5
1914.2
1914.2
1920.6
1923.3
1930.4
1915.2
1916.9
1913.8
1913.8
1899.7
1888
1868.8
1879.9
1865.7
1881.3
1873.1
1862.5
1869.3
1846.9
1847.1
1838.3
1845.8
1835.5
1846.6
1854.8
1845.3
1854.5
1870.5
1862.6
1856.6
1837.6
1846.7
1856.5
1841.8
1835
1844.4
1838.9
1805.6
1756.6
1786.1
1757.1
1762.8
1756.8
1761.9
1778.5
1812.7
1806.1
1798.1
1794.9
1805.4
1820.3
1819.6
1809.6
1799.9
1800.3
1793.3
1784.8
1791.7
1800.2
1788.6
1775.7
1753.5
1768.2
1727.9
1709.6
1704.6
1740.6
1745.7
1751.7
1747.3
1757.8
1774.2
1774.4
1788.3
1788
1779.1
1792.8
1812
1872.1
1851.4
1873.4
1889.6
1897.5
1888.8
1900.4
1913.4
1909.9
1910.8
1879.2
1880.2
1878.3
1885.2
1867.6
1788
1820.5
1858.2
1870.3
1878.4
1881.5
1893.2
1889.3
1877.3
1884
1904.7
1922.7
1908.5
1911.4
1921.1
1930.8
1927.8
1908.3
1905.9
1911.1
1921.6
1933.6
1942
1951.5
1955.7
1957.4
1962.3
1946.1
1950.2
1929.7
1913.4
1889.5
1882.8
1895.4
1897.9
1891.5
1880.1
1887
1891.4
1914.6
1931.2
1929.2
1924.3
1927
1935
1955.4
1962.2
1980.7
1987.7
1993.7
2015.7
2005
2023.9
2028.5
2044.9
2045.8
2057.3
2061.7
2061.7
2061.7
2092.3
2090.1
2105.4
2105.4
2105.4
2117.7
2128.2
2124.7
2079.9
2074.9
2046.4
2079.8
2076.7
2104.5
2101.3
2084
2063.9
2062.7
2089.9
2102.9
2086
2085.9
2064.1
2072.7
2091
2120.2
2120.4
2117.6
2123.7
2132.2
2137
2134.8
2121.4
2127.5
2135.5
2144.8
2131
2112.9
2131.3
2117.8
2096.1
2051.5
2065.7
2061
2100.6
2120.5
2130.9
2142.4
2139.5
2134.6
2132.2
2150.1
2157
2165
2127.2
2157.2
2150.8
2139.1
2154.7
2182.4
2161.3
2166.3
2146.8
2135.7
2160.9
2175.7
2188.9
2190.3
2188.4
2190.3
2184
2196
2184.9
2188.3
2188.3
2188.3
2181.7
2165.7
2160.5
2162.9
2166.3
2170.8
2178.1
2177.3
2162.3
2140.4
2124.7
2138.2
2123.2
2129.7
2152.8
2160
2165.8
2165.4
2162.6
2179.1
2191.1
2191.5
2183.3
2186.3
2205.2
2227.2
2227
2227
2232.9
2237.4
2243.5
2247.5
2267.1
2271.6
2271.6
2253.8
2259.8
2269
2284.2
2309.7
2294.5
2312.5
2309.2
2308.6
2293.8
2274
2294.6
2323.4
2318
2329.5
2335
2323.9
2335.8
2347.3
2369.8
2371.9
2376.2
2375.5
2368.8
2364.4
2390.9
2372
2397.1
2403
2408.7
2418.1
2410.5
2399.9
2396.4
2381.8
2324.5
2313.7
2340.2
2350.5
2388.7
2398
2408.7
2401.5
2400.9
2400.7
2429.8
2431.5
2424.9
2423.3
2420.5
2384.5
2411.1
2449.5
2461
2478.7
2464.9
2488
2480.6
2474.5
2467.3
2472.4
2499.7
2475.2
2478.6
2481
2488.5
2470.4
2463.8
2438.8
2392.5
2403.4
2397.9
2382.1
2363.6
2365.6
2388.3
2361.8
2374.4
2385.2
2418.4
2431.8
2414.6
2425.8
2445.9
2482.4
2478.3
2485.4
2473.1
2481.6
2490.3
2521.3
2534.8
2528
2533.6
2548.5
2552.5
2571
2586.4
2612.6
2663.6
2660.7
2668.4
2690.1
2701.4
2685
2700.2
2715.9
2720.9
2723.2
2727.1
2742.9
2749.9
2706.6
2654.2
2675.3
2727.1
2742.1
2720.1
2721.1
2717.4
2712.3
2711.1
2727.1
2733.9
2696.5
2702.1
2717.8
2726.8
2741.9
2738.2
2738.5
2774.3
2787.2
2819
2836.4
2834.8
2843.8
2858.4
2861.2
2876.9
2867.8
2850.6
2867.7
2889.5
2909
2918
2942.4
2967.4
2967.4
2972.6
2930.9
2934.2
2957.6
2957.6
2996.2
2999.2
3009.4
3021.9
3042.9
3015.9
3026.6
2999
2949.9
2990.6
3011.1
3037.5
3049.4
3045.9
3039.3
3041.3
3066.5
3091.3
3095.2
3140.7
3178.4
3148.7
3169.1
3151.9
3166.6
3089.8
3097.2
3054.2
3012.2
3012.2
2947.1
2947.1
2947.1
3033.4
3025.9
2997.6
2982.8
3027.5
2958.4
2929.3
2888.2
2847.4
2768.5
2803.4
2865.2
2918.7
2902.4
2858.5
2861.2
2831.6
2870.5
2906.9
2887.1
2887.7
2843.5
2804.3
2824.7
2857
2850.8
2831.8
2862.4
2827.4
2814.5
2794.8
2794.8
2794.8
2807.3
2830.2
2860.9
2873.4
2884
2887.8
2877.7
2843.7
2872.9
2869.1
2837.1
2818.7
2781.6
2787.9
2763.5
2776.2
2791.3
2768.9
2736.3
2765.2
2755.9
2705.6
2682.2
2641.4
2569.5
2629
2633
2633
2678.7
2709
2727.1
2740.6
2725.8
2732.7
2732.7
2692
2673.1
2689.2
2711.9
2742.9
2722.9
2731.5
2725.9
2728.4
2781.4
2778.1
2801.1
2777.2
2763.8
2744.2
2740
2701.8
2666.6
2627.6
2545
2544.2
2595.7
2626.7
2577.2
2561.4
2604.4
2631.2
2608.8
2588.9
2636.4
2609.7
2598.9
2590.5
2560.3
2562.5
2508
2474.5
2528.3
2514.9
2494.7
2521.6
2562.3
2579.4
2599.2
2601.2
2604.4
2544.9
2559.3
2579.5
2579.5
2629.7
2620.7
2615.3
2600.8
2617.5
2585.5
2591.4
2588.8
2580.5
2570.6
2588.7
2599.3
2582.7
2557
2532.4
2530.9
2541.1
2551.1
2581.3
2635.2
2635.7
2645.6
2628.4
2672
2674.5
2652.4
2662.5
2664.1
2642.1
2643
2658.8
2637.7
2628.6
2603.3
2614.7
2593
2594
2602.9
2609.1
2586.1
2581
2590
2558
2534.4
2499.5
2522.5
2480.4
2484.8
2496.9
2553.4
2570.2
2562.7
2593.3
2585.3
2575.6
2542.5
2529.8
2530.9
2508.6
2525.2
2494.7
2477.2
2458.6
2490.5
2506.5
2503.9
2500
2534.8
2541
2557.9
2543.9
2590.4
2602.7
2597.8
2590.9
2591.9
2609.4
2600.9
2606.5
2607
2571.8
2546.1
2568.6
2572.5
2579.4
2584.7
2594.9
2576
2577.5
2611
2589.1
2584.3
2589.3
2576
2562.8
2566
2581.4
2598
2604.7
2600.7
2614.7
2636.1
2649.8
2651
2651
2673.5
2656.2
2628.8
2628.8
2628.8
2612.3
2632.4
2613.1
2622.3
2617.3
2600.4
2597
2600.5
2600.2
2591.6
2582.8
2593.6
2595.5
2574.6
2525.3
2534.8
2525.5
2554.7
2552.4
2540.2
2536.9
2560.8
2563.7
2589.4
2621.4
2628
2617.4
2636.9
2635.4
2636
2642.4
2636
2621
2601
2597.2
2609.6
2610
2632.1
2623.3
2607.5
2600.4
2619.2
2617.2
2586.5
2553.2
2543.1
2515.8
2461.5
2467.7
2450.3
2463.3
2475
2491.7
2497.5
2516
2505.5
2501.9
2480.7
2526.6
2518.1
2495.6
2495
2533.1
2508.9
2511.1
2536.2
2536.3
2556.1
2559.3
2561.2
2563.1
2562.4
2560.3
2560.3
2560.3
2547.1
2516.8
2544.2
2560.8
2554.8
2561.1
2574.4
2567
2597.2
2597.2
2621.4
2618.6
2641.7
2650.5
2658.8
2655.6
2661.4
2701
2728.2
2739
2746.6
2739.8
2727.7
2701
2751.2
2750.4
2778.5
2778.5
2751.7
2762.5
2779.4
2786.4
2807.8
2805.3
2805.3
2809.7
2819.6
2806.8
2795.3
2802.3
2800.9
2798.1
2800.2
2775.4
2803
2805.6
2816.8
2843.3
2837.7
2830.3
2845.1
2836.8
2845.6
2825.3
2827.5
2847.5
2843.7
2833.7
2848.4
2842.9
2847.3
2867.9
2869.7
2863.4
2892.3
2875.1
2856.2
2822.2
2830.2
2836.6
2833.2
2827.1
2824.7
2833.1
2826.8
2826.8
2852.3
2814.3
2807.1
2800.6
2797.4
2781.3
2802.6
2820.1
2807.2
2838.4
2880.6
2880
2889.5
2886.7
2900.8
2896.8
2887.1
2893.8
2883.3
2887.3
2915.7
2908.8
2918.3
2952.7
2971.1
2999.6
2989.1
2989.2
2986.3
2990.5
3016.8
3011.6
3025.4
3008.1
3033.5
3029
3039.1
2994.7
3015.3
3045.5
3009.8
3000.6
3014.8
3039
3049
3036.5
3036.6
3054
3064
3050
3073
3083.7
3109.2
3116.3
3112.3
3135.4
3124.5
3120.4
3041.7
3062.3
3078.9
3080
3026.6
3057.9
3108.2
3128.5
3123.4
3137.6
3123.2
3133.8
3132.6
3150.1
3130.4
3121.4
3133
3124.8
3148.4
3152.5
3182.2
3183.9
3201
3209.2
3220.1
3251
3229.5
3245.9
3251.6
3261.2
3278.4
3278.5
3281.5
3245.7
3246.6
3261.6
3280.9
3273.4
3272.2
3289.8
3251.6
3217.7
3254.3
3255
3277.9
3277.9
3277.9
3317.1
3297.7
3297.7
3297.7
3297.7
3384.5
3395.8
3376.1
3368.1
3361.5
3314.8
3284.1
3292.9
3233.9
3254.8
3219.3
3257.8
3253.1
3249.9
3219
3221.3
3211.2
3191.4
3198.2
3236.8
3248.7
3279.9
3270
3221.7
3253.8
3262.7
3245.6
3242.7
3253.1
3260.1
3266.1
3272.2
3280.3
3270.6
3243.5
3253
3264.4
3296.2
3298.6
3309.9
3360.5
3354.8
3385.5
3400.6
3383.4
3408.3
3581.9
3549.7
3506.2
3540.5
3558.3
3578.4
3561.1
3583.6
3605.1
3611.1
3629.3
3647.7
3677
3658.1
3671
3640.3
3646.5
3654.3
3648.3
3606.7
3611.1
3611.1
3611.1
3594.4
3601.5
3566.9
3575.5
3589.6
3607.5
3603.9
3601.2
3628.1
3673.2
3647.3
3668.4
3668.1
3696
3658.2
3651
3651
3635.8
3611.2
3591.6
3583.6
3534.1
3521.6
3556.9
3557.8
3582.4
3572.5
3572.5
3593
3584
3587.3
3550
3547.4
3572.2
3572.2
3583.8
3558.2
3537.7
3556.1
3544.6
3568.1
3572
3585.5
3547.9
3575.8
3575.6
3600.9
3607.4
3593.9
3600.1
3628.3
3643.6
3655.4
3687.3
3701.5
3699.6
3723.5
3703
3732.9
3728.2
3750.8
3757
3771.3
3731.2
3732.8
3773.4
3788
3810
3785.8
3755.4
3678.1
3656.2
3649.2
3661.5
3566.1
3585.2
3482.6
3537.4
3537.8
3549.5
3518.2
3494.4
3494.4
3604.6
3623.3
3629
3662.6
3653.4
3643.2
3623.1
3630.2
3650.7
3646.3
3670.5
3664.4
3698.2
3683.8
3713
3725.4
3714.6
3722.4
3692.6
3682.6
3646.3
3654.7
3623.9
3634.2
3627.1
3637.8
3684.4
3694.2
3678.9
3687.2
3716.8
3722.7
3690
3690.1
3694.9
3694.9
3635.5
3661.2
3697.7
3699.5
3696.6
3736.4
3737.5
3760.2
3771.6
3771.6
3813.7
3818.1
3807.9
3797.3
3805.2
3813.7
3822.2
3790.2
3793.2
3803.3
3788.2
3775.3
3742.9
3753.6
3758.7
3763.5
3732
3723.1
3725.3
3736.1
3749.2
3784.8
3815.4
3811.5
3812
3827.6
3829.8
3825.7
3856.4
3897.9
3888.3
3892.6
3883.3
3861.5
3882.8
3891.7
3878.2
3845.3
3884.1
3902.5
3874
3924.5
3910.6
3913.8
3835.5
3874
3885.4
3857.6
3860
3839.3
3869.2
3850.4
3874
3880.8
3890.1
3875.5
3869.8
3869.8
3869.8
3922.2
3948.3
3942.2
3942.2
3942.2
3940.1
3923.8
3922.9
3944.9
3966.2
3947.4
3975.5
3983.6
3979.6
4007.1
4019.9
4009.5
4023.1
4115.4
4161
4125.5
4127.3
4182.3
4169.7
4209.1
4272.2
4282.8
4296.5
4305.5
4309.8
4357.9
4384.3
4408.4
4444.1
4436.3
4464.2
4514.6
4490.7
4525.5
4530.8
4522.5
4463.2
4503.9
4539
4519.7
4487.6
4460.1
4513.7
4547.1
4605.2
4638.9
4684.4
4677.1
4676.2
4609.9
4636.2
4556.5
4519.9
4535.1
4442.9
4491.3
4497.3
4558.6
4620.5
4659.2
4659.2
4659.2
4501.7
4488.7
4463.9
4471.5
4588
4582.6
4634.9
4626.6
4604.2
4586.3
4643.4
4625.6
4665.7
4699.1
4740.1
4752.3
4781.1
4836.1
4772.3
4793.3
4855.1
4897.6
4897.6
4953.5
5029.6
4988.4
5016
5016
5004.7
5042.5
5084.2
5134.3
5141.7
5157.5
5157.5
5081
5178.6
5176.4
5181
5196.7
5190
5133.1
5132.1
5041.6
5150
5207.2
5238.5
5251.2
5320
5368.8
5361.9
5308.6
5364.2
5384.6
5362
5345.9
5405
5510.3
5561.8
5587.8
5576.1
5662.4
5669.9
5700.3
5620.6
5654.8
5674.3
5804.9
5846.5
5947
6012.6
5977.1
5885.4
5801.5
5845.8
5844.7
5927.5
5868.3
5737.1
5620.5
5677.1
5869.9
5849.2
5847
5888
5842.1
5929.5
5898.2
5898.2
5771
5765.2
5812.1
5922.1
5864.8
5825.6
5808.4
5682.1
5579.5
5498.5
5405.6
5580.1
5690.1
5668.8
5475.8
5473.9
5363.3
5409.6
5217.3
5216.7
5271.5
5447.5
5478.6
5478.1
5532.9
5505.3
5445.1
5356.7
5280.8
5281.9
5321.7
5417.8
5550.4
5629
5611
5705.1
5730.4
5732.5
5667.1
5716.6
5691.8
5673.6
5754.7
5825
5929
5897.4
5846.9
5822.3
5732.2
5699.5
5792.8
5836.3
5815.9
5806.8
5751.6
5777.2
5862.9
5803.2
5651.8
5689.5
5533.5
5279.7
5479
5370.9
5467.2
5581.6
5538.2
5601.6
5557.4
5438.6
5459.7
5483.9
5434
5418.2
5437
5565
5574.2
5571.7
5650.4
5725.5
5645.7
5666.3
5738.3
5772.4
5775.9
5875.1
5919.9
5922.7
5969.5
6009
6095.3
6103.2
6056.6
6021.8
6018.7
5986.6
6092.7
6122.1
6115.1
5989.9
6049.3
6044.7
6046.7
6046.7
6046.7
6190.4
6267.6
6265.5
6265.5
6265.5
6397
6375.7
6390
6330.2
6251.8
6062.1
6169.3
6149.8
6148.5
6274
6340.4
6397.5
6391.4
6356.1
6391
6411
6424
6508.7
6530.4
6582.6
6688
6720.7
6708.9
6772
6857.1
6828.4
6860.8
6931.6
6856
6898.9
6905.3
6990.5
6966.2
6953.2
6986.7
6986.1
6945
7065.4
7118.6
7153.1
7273
7259.5
7130.5
7077.3
7197.2
7187.5
7246.5
7276.7
7267.9
7328
7261.2
7236.5
7132.4
7143.8
7300.5
7341
7407.4
7472.1
7415.9
7530.3
7536.3
7585.5
7615.5
7638.8
7725.9
7827.7
7744.3
7588.1
7624.1
7624.1
7624.1
7662.9
7616.3
7500.1
7453.7
7500.1
7369.1
7308.9
7265.5
7232.3
7053.5
7180.1
7241.8
7401.4
7401.4
7640.8
7596.2
7610.8
7536
7587.1
7677.5
7627.3
7582.8
7550.6
7519.4
7371.4
7483.2
7495.8
7495.8
7542.7
7657.1
7731.9
7633.5
7605
7656.1
7656.1
7657.5
7676.3
7592.9
7699.5
7743.4
7716.8
7652.6
7498.4
7417.4
7342.7
7388.7
7562.7
7488
7518.6
7511.8
7624.8
7667.9
7794.7
7816.9
7881.9
7882
8038.2
8047.3
8099
8166
8160
8227.2
8205
8192.4
8141.9
8180.5
8158.1
8126.5
8288.2
8400.8
8412
8340.7
8229.2
8205.7
7998.7
8093
8102.7
8205.5
8239.5
8139.2
8170.2
7943.2
7846.2
7952.9
7721.3
7447.9
7607.5
7552.6
7676.3
