1772.8
1750.5
1718
1708.1
1723.1
1714.3
1734.5
1757.4
1754
1754.3
1759.8
1755.5
1758.1
1757.5
1763.5
1762.8
1768.9
1778.1
1780.1
1767.7
1757.9
1756.6
1754.7
1766.8
1766.5
1762.2
1759.5
1782.4
1789.5
1783.5
1780.4
1808.8
1820.3
1820.3
1820.3
1687.5
1725.6
1792.9
1819.1
1833.5
1853.4
1849.7
1851.8
1857.7
1864.3
1863.5
1873.2
1860.8
1868.7
1860.4
1855.9
1840.5
1842.6
1861.2
1876.2
1878.3
1878.4
1869.4
1880.4
1885.5
1888.4
1885.2
1877.9
1876.5
1883.8
1880.6
1887.4
1878.3
1867.1
1851.9
1843.6
1848.1
1843.4
1843.6
1833.8
1833.4
1856.9
1863.4
1855.5
1864.2
1846
1836.8
1830.4
1831.6
1834.8
1852.1
1849.8
1861.8
1856.7
1856.7
1841.5
1846.9
1836.1
1838.6
1857.6
1857.6
1858.4
1846.8
1868.5
1863.2
1808.3
1765.1
1763.5
1766
1741.3
1743.3
1769
1757.9
1754.9
1739.7
1708.8
1722.2
1713.9
1703.2
1685.7
1663.4
1636.9
1645.6
1671.6
1688.3
1696.8
1711.7
1706.2
1684.2
1648.5
1633.6
1699.1
1699.1
1722.5
1720.7
1741.9
1765.7
1765.7
1749.9
1770.3
1787.6
1778.7
1785.6
1833.9
1837.4
1824.3
1843.8
1873.6
1860.2
1860.2
1865.9
1867.9
1841.3
1838.7
1849.9
1869.3
1890.6
1879.6
1873.9
1875.3
1857
1856.5
1865.8
1860.6
1861.6
1865.6
1864.1
1861.6
1876.5
1865.1
1882.1
1912.2
1915.4
1951.2
1962.4
1976.5
1953.5
1981.3
1985.1
1983.4
1979.7
1983.8
1988.1
1973
1966.9
1976.3
1993.9
1968
1941.8
1947.1
1929.2
1943.6
1928.2
1922
1919.1
1884.6
1896.3
1928.3
1934.8
1923.5
1943.8
1942.4
1928.1
1942
1942.7
1974.8
1975.4
1907.5
1943.6
1974.1
1963.3
1972.3
1990.7
1978.2
1978.2
1978.2
1980.4
1983.7
1978.1
1984.9
1995.7
2006.6
2036.7
2031.1
2031.1
2041.6
2046.9
2047.2
2063.4
2063.4
2077.5
2063.6
2053.2
2017
2024
2051.6
2023.1
2030.8
2016.8
2045.1
2046.3
2029.6
2014.1
2014.1
2033.3
2017.4
2024.9
1992.6
1994.9
1981.6
1981.6
1962.2
1953.7
1928.8
1928.3
1918.1
1931.4
1908.8
1891.8
1913.9
1885.8
1895.8
1899.6
1920.3
1915.3
1907.3
1900.6
1880.9
1873.5
1883.6
1868.5
1879.1
1847.8
1861.8
1859.4
1859.4
1859.4
1853.3
1851.2
1801.8
1767.9
1762.7
1727.5
1734.6
1734.6
1755.4
1769
1801.6
1782.6
1754.7
1784.4
1787.6
1798
1793.8
1777.3
1755.2
1737.8
1730.1
1722.4
1753.5
1757.3
1736.7
1734.2
1724.2
1744.2
1689.7
1667.7
1667.8
1687.6
1687.5
1684.9
1674.2
1711.4
1780.5
1779
1779.3
1763.7
1756.8
1774.2
1802
1873.6
1836.2
1859.8
1852.7
1882.9
1826.1
1832.8
1828.9
1829.5
1843.5
1770.3
1731.9
1736.7
1724
1683.3
1611
1612.5
1654.2
1673.9
1657.3
1655.1
1685.1
1667.9
1650
1664.2
1679.1
1731.3
1722.2
1730.7
1766.4
1770.7
1774.5
1749.9
1730.9
1742.4
1742.4
1786.9
1804.1
1804.7
1793.6
1786.7
1798.5
1798.5
1821.5
1796.8
1772.7
1764.4
1759.2
1722.3
1724.2
1674.8
1720.6
1721
1739.7
1749.7
1771.4
1792.3
1783.3
1799.4
1781.7
1788.6
1765.9
1791.2
1769.5
1758.7
1738.3
1744.8
1736.7
1735.2
1760.1
1786.3
1824.4
1821.1
1854.6
1854.6
1857.5
1870.3
1858.8
1857.8
1857.8
1843.1
1850.8
1859.6
1844.5
1852.6
1814.6
1796.8
1782.5
1803.5
1827.1
1837.5
1837.7
1818.8
1812.2
1820.4
1779.9
1792.6
1777.4
1780.6
1772.2
1785.9
1787.3
1824.1
1854.4
1908.2
1904.7
1894.1
1893.3
1905.6
1912
1899.5
1878.2
1905
1926.5
1937.2
1959.2
1944.1
1953.4
1944.6
1983.7
1998.8
2001.5
1995.2
1986.8
1995.1
2004.3
2009.7
1992.4
1988.9
1965.2
1986
1975.3
1967.3
1963.5
1962.7
1939.3
1952.2
1954.6
2001.4
2025.8
2033.9
2035.9
2031.4
2005.9
1990.8
1974.7
1995.3
1984
1986.9
1986.9
1986.9
2018.1
2015.4
1988.6
1986.7
1968.9
1949.3
1931.9
1944.5
1916.6
1911.6
1927.4
1942.5
1920.6
1939
1937
1923.6
1926.3
1920.5
1878.6
1877.2
1854.5
1872.7
1879.9
1851.7
1835.7
1846.4
1836.8
1836.8
1836.8
1861.4
1891.1
1890.4
1904.6
1888.7
1888.7
1872.8
1875.8
1867.9
1859.7
1887.9
1893.7
1915.2
1911.2
1920.4
1916.8
1897.9
1918.8
1900.3
1910.3
1929.2
1935.3
1942.4
1963.3
1960.8
1991
1977.5
1971.9
1960.2
1941.2
1925.4
1935.1
1943.7
1980.4
1985.7
1992.2
1991.2
1991.2
1963.1
1974.9
1981.7
1968.4
1947.5
1965.7
1995
2006.2
1998.1
1989.5
2036
2085.9
2129
2110.6
2101.4
2115.3
2149.8
2138.5
2139.8
2167.4
2161.9
2148
2148
2136.3
2160.8
2139.2
2128.2
2111.4
2123.4
2159.3
2173.6
2183.9
2205.7
2216.5
2191.9
2185.1
2156.1
2158
2137.3
2129.4
2108.8
2108.4
2119.1
2134.1
2078.5
2075.6
2099.5
2107.4
2094.4
2080
2057.5
2092.6
2108.6
2120
2126.8
2114.6
2116.7
2128.7
2158.8
2164.5
2147.4
2156.4
2138.7
2126.9
2127.3
2113.9
2139.3
2145
2147.3
2149.7
2199.7
2231.9
2227.7
2210.4
2192
2196
2182
2182
2169.7
2171.2
2136
2081
2084.8
2112.9
2087.3
2087.3
2096.9
2117.9
2115.9
2148
2149.7
2145.2
2082.6
2071.5
2070.6
2118.4
2120.6
2119.3
2110.1
2154
2160.5
2188.4
2186.7
2176.1
2205.3
2211.4
2198.1
2196.3
2156.5
2162.6
2160.3
2196.4
2223.5
2215.9
2225.8
2243
2251.5
2276.6
2264.6
2281.9
2281.2
2268.2
2290.6
2274.3
2249.6
2275.1
2307.6
2317.3
2331.3
2281.9
2252.2
2262.3
2234.8
2247.4
2274.7
2257.8
2244
2274.5
2278.3
2282.4
2281
2313.2
2334.4
2331.3
2355.9
2322
2329.2
2287.1
2299.9
2302.1
2296.8
2275.1
2281.6
2258
2258
2281.2
2251.8
2215.2
2226.7
2252
2208.3
2199
2238.1
2183.1
2144.7
2144.7
2178.7
2219.9
2216.4
2199.7
2184.6
2175
2215
2258.5
2242.7
2247.8
2221.3
2202.7
2200.7
2200.2
2152.6
2136.6
2144.5
2123.4
2083.9
2081.9
2081.9
2081.9
2100.3
2128.2
2119.6
2114.8
2145.3
2148.6
2152.4
2139.1
2159.6
2160.1
2136
2102.7
2092
2135.2
2116.3
2130.9
2147.3
2150.3
2166
2186.2
2179
2141.6
2162.6
2158.2
2139.4
2165
2176.7
2176.7
2187
2187.8
2195.2
2184
2165.4
2155.4
2155.4
2133.3
2084.4
2091.9
2050.7
2052.5
2029.9
1979.7
2007.4
2041.7
2037.2
2023.7
2046.8
2028.4
2020.7
1977.7
1992
1966.4
1942.8
1936
1903
1890.8
1917
1939
1907
1911.6
1925.8
1936.3
1892
1872.9
1866.2
1878.7
1889
1920.8
1920.8
1949.8
1942.1
1974.6
1974.6
1974.6
2025.1
2052.3
2043.7
2053.8
2041.4
2059.8
2076.8
2055.7
2053.4
2075
2069.6
2117.2
2115
2096.5
2107.1
2106.3
2074.5
2064.2
2038.9
2007
2007
2012.4
2035
2010.5
2001.3
1972.6
2000.6
2006.3
2026.5
2062.7
2075.3
2060.4
2069.1
2034.9
2020.4
1998.2
1961.5
1964.2
1983.4
1948.8
1966.8
1969.4
1952.9
1977.3
1924.6
1922.9
1919.3
1897.2
1899.4
1927.4
1902.7
1901.3
1905
1876.2
1879.3
1852.8
1876.1
1833.7
1843.4
1856.4
1898.3
1919
1918.1
1955.6
1933
1906.4
1898.6
1876.3
1867.4
1842.1
1841.6
1824.4
1831.5
1858.1
1905.7
1905.7
1905.7
1873.6
1911.1
1931.7
1906.1
1921.5
1943.9
1948.4
1948.4
1941.1
1954.5
1950.2
1927.5
1926.5
1927.8
1911.4
1893.1
1934.7
1945.9
1952.4
1940
1975.9
1964
1982.7
1973.7
1969
1969.8
1954.1
1937
1919.3
1917.1
1930.2
1931.1
1924.2
1928.1
1924.7
1940.9
1952.1
1949.9
1966.6
1956
1927.8
1894.2
1881.2
1881.2
1885.9
1901.8
1871.5
1886.4
1864.2
1859.2
1849.1
1844.1
1854
1872.8
1856.9
1860.3
1837.1
1813.3
1772.8
1780.2
1802.5
1826.3
1814.1
1813.4
1797.9
1827.8
1816.1
1842.4
1872.1
1870.4
1850.9
1874.4
1869.4
1850.1
1856.1
1861.9
1835
1822.5
1802.2
1805.6
1804.4
1827
1805.7
1802.2
1776.9
1808.4
1807.4
1795.2
1773.3
1748.6
1756.8
1727.1
1743.1
1721.8
1769
1738.6
1785.8
1788.8
1811.6
1813.8
1818
1795.7
1817.3
1836.1
1837.2
1852.4
1893
1859.5
1864
1882.8
1872.9
1890.2
1900.4
1880.9
1869.3
1871.9
1881.1
1881.1
1881.1
1855.7
1874.9
1882
1928.4
1918.5
1945.9
1942.3
1931
1918.5
1918.5
1936.9
1971.1
1946.2
1927.4
1927.4
1988.7
1996.7
2003.6
2017.3
1991.5
2001.3
2004.7
1989.8
1965.5
1979.5
1965.3
1960.7
1960.7
1919.1
1927.8
1927.3
1948
1960.8
1971.3
1971.3
1965.9
1974.7
1951.2
1897
1907.8
1922.8
1893.7
1920.7
1905
1918.4
1896.1
1902.8
1925.2
1895.1
1902.4
1877.7
1865.5
1861.9
1858.8
1879.7
1889.4
1907.8
1889.5
1950.8
1949.4
1961.3
1961.7
1948.3
1948.3
1951.5
1929
1931.2
1905.9
1908.9
1926.6
1941.3
1942.5
1947.9
1932.8
1920
1917.8
1960
1950.8
1957.1
1950.4
1954.7
1943.7
1949.2
1946.2
1946.2
1946.2
1970.4
1967.3
1971.6
1984.4
1963.3
1957.4
1939.2
1937.8
1890.1
1899.5
1921.4
1883.4
1881.7
1900.5
1902.5
1884.8
1861.7
1854.9
1869.7
1873.6
1898.2
1892.4
1880
1871.7
1882.5
1863.8
1853.9
1790.7
1800.6
1816.3
1791.8
1767.6
1788.4
1780.7
1800.7
1803.9
1800.3
1809.6
1785.7
1778
1794.4
1803.8
1817
1790.5
1779.7
1770.7
1757.3
1740.7
1721.1
1724.2
1764.1
1754.1
1742.4
1795.3
1814
1814
1828.7
1832.1
1822.6
1857.4
1866.3
1852.6
1839.8
1838.2
1838.2
1875.2
1905.1
1890.5
1881.4
1872.9
1875.5
1867.1
1891
1889.8
1870.3
1857.3
1828.3
1820.9
1774.9
1814.9
1834.8
1846.8
1856.3
1849.6
1848.9
1833.8
1875
1859.3
1820.5
1810.2
1831.2
1834.4
1873.4
1873.4
1866.7
1877
1879.1
1872
1872
1908.4
1943
1931.2
1917.7
1916.6
1916.3
1910.1
1897.9
1907.6
1924.4
1952.1
1966
1960.1
1964.3
1954.4
1934.1
1946
1950.2
1966.7
1980.7
2003.1
2021
2024.1
2022.2
1985.6
1988.5
1983.3
1956.2
1960.7
1967.7
1983.3
1956.4
1964.2
1952.5
1939.7
1932.4
1936.9
1953.3
1976.9
1960.9
1974.5
1996.9
1990.8
2017.2
2015.3
2001.9
2005.9
2008
1975.5
1948.9
1932.1
1944.3
1962.4
1950.1
1965
1967.2
1969.8
1976.9
1974.4
2003.8
2008
2030.5
2020
2044.8
2055.6
2070.4
2064
2075
2075
2075
2081.7
2093.9
2072.5
2074.7
2080.6
2097.3
2075.1
2086
2092.5
2116.5
2112
2122.1
2116.4
2138.4
2130.8
2146.8
2146.8
2136.8
2115.4
2090.4
2083.7
2083.7
2085.4
2114.8
2100.9
2122.1
2124.6
2124.6
2136.9
2120.6
2129.7
2103.5
2114.5
2117.7
2117.7
2132.9
2117.1
2108.4
2110.1
2121.1
2111
2115.4
2133.2
2102
2120.8
2137.5
2137.3
2126.2
2111.8
2113
2107.9
2100.7
2077.1
2084.2
2097.6
2118.4
2113.3
2112.9
2123.7
2118.8
2111.8
2114
2126.8
2098.8
2079.1
2076.6
2081.9
2073.4
2050.6
2029.5
1989.5
1995.1
2007.3
1992.8
1960.3
1982.2
1954.1
1974.7
1962.9
1961.1
1968.5
1995.9
2009.9
2023.4
2013.2
1999.3
1996.7
1997.4
1985.4
1978.2
1980.6
1979.5
1979.5
1979.5
1986.2
2019.3
2000.6
2017.8
2020.8
2020.4
2018
2002.9
1977.6
1970.6
1977
1971.4
1984.8
1996.2
2004.8
2020.3
2042.1
2038.1
2065.4
2080.4
2086.2
2080.9
2072.7
2082.3
2079.5
2067.1
2081.5
2103.4
2104.1
2107.1
2132.8
2123.2
2141.8
2136.1
2152.7
2151.6
2161.5
2146.7
2135.6
2147.1
2143.6
2168.3
2158.5
2165.3
2185.2
2180.2
2175.6
2148.9
2151.6
2162.4
2150.4
2125.7
2124.8
2140.5
2140.5
2142.2
2187.3
2213.4
2211.8
2205.2
2205.2
2229.1
2217.2
2218.2
2240.3
2228.8
2240.1
2233.4
2233.6
2255.5
2277.1
2275.1
2270.8
2290.3
2315.7
2318.6
2349.1
2308.7
2292.5
2240.7
2255.8
2251.4
2213.3
2212.1
2203.4
2222.6
2193.7
2218.9
2248.7
2278.5
2287.4
2289.6
2289.6
2303.8
2307
2318.6
2315.7
2315.7
2257
2282.8
2306.7
2301.7
2331.6
2349.1
2327.5
2361.3
2402.1
2388
2407.8
2425.1
2406.1
2409.9
2442.5
2461.3
2430.3
2435.2
2482.8
2465
2503.1
2516.6
2508.6
2503.1
2541.3
2558.4
2597.5
2595.4
2582.1
2599.3
2628.4
2627.4
2634.5
2617.5
2594.8
2575.2
2562.8
2567.9
2607.7
2602.2
2629.4
2607.8
2600.3
2651.7
2666.2
2698.9
2708.3
2709.2
2686.2
2641.7
2632.1
2645.6
2588.4
2574
2596.8
2553.7
2587.1
2579.3
2624.3
2648.7
2656.7
2656.7
2656.7
2581.8
2530.3
2514.5
2518
2572.3
2579
2617.6
2608
2574.6
2566.1
2620.6
2621
2615.2
2547.6
2522.7
2514.7
2533.6
2539.8
2536.3
2550.3
2602.9
2639.5
2639.5
2655.3
2672.8
2651.9
2643.3
2643.3
2633.9
2693.1
2719.6
2774.6
2776
2784.3
2784.3
2751.1
2786.4
2741.7
2762.9
2654.7
2680.3
2583.2
2579.2
2583.9
2601.5
2624.5
2635.4
2690.9
2719.3
2686.2
2664.2
2696.2
2760.3
2808.5
2795.9
2762.6
2751.7
2739.7
2757.1
2762.2
2784.8
2867.4
2893.6
2891
2858.3
2944
2909.5
2937
2934.5
2947.7
2929.8
2950.6
2929.1
2941.6
2941.6
2950.7
2988
2958.6
2876.7
2874.1
2921.1
3003.5
2973.5
3025.9
3022.2
3023.6
3069.3
3075.7
3049.5
2992.4
2984.1
3037.1
3056.3
2996.3
2983.4
2998.6
2924
2921.8
2921.8
2870.1
2936.2
2979.3
2957.2
2904.2
2898.6
2869.3
2871.7
2828.4
2770.5
2805.8
2921.2
2918
2927
2924.5
2940.9
2919.7
2874.6
2843.6
2834.1
2898.6
2940.6
2944
2978.4
2977.2
3017.5
2997.2
3023.7
3005.4
2985.6
2989
3008.3
3054.9
3052.1
3094
3078
3064.4
3024.1
2960.7
2955.1
3002.9
3002.5
2992.2
2992.9
2958
2946.7
2989.9
2958.1
2856.9
2849
2769.6
2651.3
2818
2739.5
2739.3
2788
2774.9
2822.4
2781.8
2707.1
2707.1
2707.1
2694.5
2700.7
2698.9
2773
2782.6
2790.6
2821.2
2861.7
2802.5
2786.3
2811.7
2829
2854.4
2918.5
2913.1
2902.4
2914.5
2910.1
2932.5
2959.4
2932.2
2828.5
2830.3
2838.3
2912.2
2893.3
2894.5
2822.9
2869.7
2858.1
2874.1
2874.1
2875.1
2939.5
2975.5
2998.9
2998.9
3038.7
3072.8
3037.7
3006.7
2954.9
2919.8
2862.5
2902.9
2919.8
2932.8
2976.1
2987
3008.3
2998.1
2988.6
2966.2
3000.5
3052
3088.3
3133.8
3172.1
3187.5
3188.4
3166.3
3189.6
3216.7
3220.9
3235.8
3240
3178.7
3187.7
3225.1
3280.5
3281.7
3250.6
3262.5
3273.5
3262.3
3348.2
3397
3421.9
3446.7
3414.9
3381.3
3395.8
3483.2
3525.9
3521.5
3539.4
3526.6
3540.2
3598.3
3661.3
3652.5
3688.7
3688.9
3680.1
3738.5
3818.7
3783.8
3810.2
3800.2
3875.3
3883.3
3935.9
3932
3986.8
3903.3
3873.9
3894.5
3894.5
3894.5
3867.7
3884.6
3845.9
3861.6
3885.7
3860.4
3835.1
3822.1
3788.7
3689.4
3777.2
3726.2
3867.9
3867.9
3979.3
3945.5
3947.5
3912.8
3912.8
4007.3
3986.1
4018.5
4012
3990.2
3945.3
3980.8
4047.9
4047.9
4049.8
4108.7
4115.9
4017.4
4014.9
4041.2
4041.2
4087
4149.4
4119
4185.1
4204.6
4201.9
4208.6
4141.6
4050.8
4005.3
4013.3
4092.9
4052.3
4027.3
4018.6
4065
4126.3
4203.8
4215.7
4248.2
4203.5
4260.7
4252.1
4304.4
4311.1
4333.1
4339.9
4319.2
4256.4
4256.4
4256.4
4344.3
4358.1
4388.5
4368.9
4322.1
4220.1
4235.9
4205.4
4139.5
4122.4
4139.2
4197.6
4177.3
4095
4047.9
3976.4
3968.6
4041.9
3939.5
3846
3945.7
3951.7
3995
