50
50.3902
51.0072
51.8155
52.1868
50.3314
48.1195
46.9209
46.4875
46.6894
45.0389
43.222
41.578
40.5858
39.2128
38.3343
38.963
40.2836
41.752
41.989
42.582
43.9482
45.7247
45.1573
44.4802
44.6773
46.4122
46.9009
48.2036
50.0719
52.6456
54.2102
53.7853
53.8275
55.2529
55.0647
54.5285
53.866
54.3449
53.6253
52.4644
51.2374
50.8325
49.9951
49.7628
49.7485
50.115
51.8785
52.1857
51.8136
54.012
56.2246
58.1079
61.0353
61.969
62.6327
62.045
62.0675
62.7414
61.773
61.5685
60.6195
59.1697
57.0195
54.603
53.0013
51.6441
52.3216
53.3011
54.0241
54.8954
54.1108
54.1966
53.779
52.6666
53.1404
52.1537
52.0072
51.7178
52.1312
52.9485
53.7551
54.2075
53.2078
52.1712
51.9241
50.6572
51.0317
51.3299
53.4197
54.0161
53.4388
51.5174
50.1322
47.3761
46.4031
45.4414
44.3571
43.1346
39.824
37.8194
35.6249
34.3141
31.6128
28.3521
26.4635
25.4088
24.7577
25.8538
27.4166
28.8519
28.7468
27.6309
26.6607
27.2676
26.2613
25.1694
23.9025
23.0832
23.0162
21.6877
19.7024
17.8305
17.2487
16.6231
17.4941
17.853
17.5587
18.5835
18.7631
19.4846
20.4416
20.4473
18.2236
16.6662
16.9349
15.7954
15.2476
13.7039
13.878
13.7225
13.3864
12.6963
12.1005
11.6493
10.9354
10.1013
10.0767
9.8165
7.9442
5.3386
4.545
3.2158
2.6829
1.5777
1.3607
0.6821
-0.8031
-2.1465
-4.0796
-4.8598
-4.8439
-5.4154
-4.7951
-4.6831
-4.6438
-4.3852
-2.8558
-0.4591
1.1704
1.7139
2.7021
4.214
5.065
4.3743
4.2963
4.8173
4.5222
3.2701
2.7271
1.6164
0.7429
1.8108
2.2722
3.5594
3.7389
4.0957
6.1577
6.9912
6.6305
6.9255
7.4598
7.4403
6.4114
5.0645
4.9041
7.4856
11.1568
14.9051
17.356
17.0954
16.6719
15.3305
15.2169
12.9866
11.7011
11.8685
13.7056
15.2915
17.501
19.5623
21.4947
21.8386
22.6732
23.0339
22.0216
21.1247
20.7089
19.4998
17.7139
16.1351
16.3722
16.5176
16.3399
15.5514
17.0573
17.0925
18.3121
19.4641
20.4255
21.3575
22.554
22.3338
23.1195
23.3861
22.7458
24.26
24.4241
26.9878
28.2491
29.2209
28.477
27.7397
26.9295
25.9583
24.7922
22.5744
21.3828
22.4419
23.1459
22.7881
23.0107
23.3315
22.1815
23.5057
23.9773
24.4771
22.9001
23.1407
22.8071
22.6666
19.093
15.5723
11.7703
8.8088
7.2992
3.1675
-0.1862
-0.3573
-0.1083
1.0907
2.5818
4.1578
5.8765
6.8813
7.4975
8.5615
9.3293
9.3236
8.6046
6.093
4.284
2.6123
1.8057
5.0063
7.231
10.0837
11.4695
12.3391
11.6469
13.2285
13.4712
13.1249
13.7107
13.7192
13.2652
14.4862
15.6051
16.0517
15.8101
