20
21.2514
21.6979
22.7328
21.9655
21.0273
21.4906
20.6918
20.0698
19.103
20.4228
21.8367
21.7708
20.9053
20.7045
20.7591
21.7734
19.9015
19.3394
18.1798
18.0296
17.6761
16.5942
16.192
15.7494
17.3945
18.2391
18.1703
18.7894
19.0143
18.438
17.7322
18.8919
19.3276
20.8414
21.2056
20.8672
20.658
20.294
19.8996
20.8149
20.6339
21.1325
21.3306
20.0316
18.8024
18.4836
18.0688
18.2329
18.338
19.7391
19.3737
20.7393
19.6332
20.2515
22.2696
24.5549
26.4807
26.2354
26.0872
25.4102
24.7462
22.9763
21.5413
20.3554
19.0899
18.1783
18.9748
20.6272
21.2837
21.3743
20.5001
20.4818
19.5126
18.4459
17.9295
18.2794
17.9995
19.0823
19.004
17.8812
17.9755
17.6509
18.3725
17.8672
16.9931
15.3877
14.9441
16.1684
16.8767
18.6193
19.4773
21.1895
22.7212
24.9451
27.2511
27.7597
27.6025
26.9385
26.3467
25.2089
25.8401
26.6481
27.2331
27.243
26.6122
25.327
24.1005
22.6539
21.7839
21.3078
20.6756
21.1062
20.3996
20.947
20.0371
20.4195
21.8542
23.0393
23.4226
23.8723
24.7329
26.2085
26.7437
27.3542
26.7387
27.7167
27.7317
27.7553
28.2056
27.0788
27.0635
26.7906
27.7055
27.017
26.7627
26.6677
24.8106
21.948
19.773
19.3612
18.2893
18.5083
18.2492
18.323
18.4339
18.6999
19.3293
19.4452
19.09
18.9876
19.445
19.5853
18.2123
14.9993
13.7529
13.9661
15.4777
16.998
18.3139
19.0053
19.7765
20.6706
20.1154
19.2313
18.9411
21.0414
22.2059
24.6885
25.1525
24.1745
22.8398
22.7549
22.345
21.8181
22.0501
21.8434
23.2132
23.5523
23.4163
22.3325
21.3923
21.8675
21.3584
20.4414
20.0084
18.1327
17.1705
16.1552
16.4833
16.2732
14.1117
11.9291
9.5862
11.5517
10.0824
9.8916
9.1713
10.3338
10.1254
10.0693
8.8347
7.5014
5.4784
3.4889
1.1064
-1.2716
-2.5776
-4.2685
-4.2514
-3.8774
-2.9032
-1.5473
-2.076
-2.6802
-2.8318
-1.521
-1.4654
-1.927
-3.3876
-3.1601
-2.2881
0.2524
2.1793
4.714
7.4693
8.4459
6.1036
3.7806
3.2553
3.9614
5.3444
4.0058
2.7721
3.2573
3.3271
2.478
1.8423
0.7561
1.0345
2.4202
3.7767
3.0696
2.4205
0.2102
-1.7316
-3.0369
-4.4934
-7.0931
-5.9334
-6.2696
-6.5486
-8.0469
-9.2728
-9.1267
-9.6901
-9.2669
-6.4867
-4.0276
-2.9598
-1.0271
0.8479
2.7768
4.5764
5.8515
6.5976
7.7692
9.9779
12.3657
14.7377
17.065
18.5524
19.7133
21.5515
22.3555
22.4188
22.9505
24.7084
26.1629
27.9046
28.3092
27.951
27.4091
27.9108
27.5388
26.3643
25.9846
26.6994
28.1662
28.9326
29.2397
30.1711
32.0887
33.1866
33.3372
34.1283
33.9346
35.0179
35.1631
35.8015
