5.1143
0.84
-0.4462
-2.9668
-2.4606
-6.5509
-2.953
0.8169
3.8242
5.3624
8.2734
7.3223
5.8914
6.3394
4.4208
2.6795
0.6547
-0.026
3.7652
5.2886
6.8467
9.1755
12.0342
13.0173
10.4416
8.5107
9.075
6.8921
4.459
4.6415
6.0126
8.8473
7.5616
11.8692
12.7383
16.415
16.1836
13.6132
11.9355
9.7469
8.4323
9.8117
7.7488
9.0538
13.5905
14.6105
18.0745
18.0108
16.2068
17.5523
17.8398
15.0938
12.716
14.0575
13.5
15.7536
17.1348
21.1668
20.4838
22.6239
19.7564
18.662
18.4364
17.4348
14.785
15.7632
14.9299
20.0081
24.1717
23.6345
24.5587
27.5926
26.0189
24.2996
24.457
20.4861
21.1633
21.4491
22.4509
23.331
22.7761
29.4063
29.9784
27.5884
25.6707
28.6018
28.1156
26.4775
27.3563
22.9311
24.9505
25.9906
28.5424
29.6476
36.2952
31.8894
29.7453
32.4775
30.0771
28.7005
26.5091
24.7735
26.3048
29.4868
33.0709
35.4347
36.6073
35.6134
36.5601
36.8618
34.2649
30.1049
27.4325
29.4862
31.1022
30.7283
35.4713
37.7363
40.4563
38.6099
39.2834
39.6095
35.0016
34.4222
35.7196
33.326
31.9984
38.2559
36.2041
43.7836
44.3511
43.6559
43.371
39.2842
38.1456
38.3901
38.3392
38.9488
36.1083
39.8682
44.6679
44.9669
48.6097
48.5739
47.4454
46.6441
44.9089
40.7899
38.4112
42.3671
41.9103
41.7465
44.0044
46.4857
50.9457
49.7848
48.9532
47.9365
46.0106
43.046
43.9629
41.9562
44.6442
45.1385
46.5994
53.2697
51.3206
56.9512
52.0626
52.2733
49.4757
49.7572
48.0721
46.0763
47.4617
51.2036
52.3819
54.9508
58.7213
59.5434
